active 0
playing 0
playlist 0
position 39
shuffle 183,79,225,220,203,173,137,207,54,31,145,205,103,7,243,197
shuffle 320,204,184,87,22,302,253,174,115,120,23,42,36,6,155,274
shuffle 201,283,106,236,193,37,69,92,227,9,127,64,280,285,301,95
shuffle 55,233,152,275,96,185,291,187,4,84,290,271,304,259,80,97
shuffle 105,175,299,148,295,248,284,298,198,82,240,297,25,180,249,239
shuffle 224,8,143,52,83,136,199,73,53,147,51,149,132,241,316,129
shuffle 88,178,206,314,158,282,65,0,76,60,14,30,10,191,128,261
shuffle 61,91,153,59,181,122,196,144,309,68,118,150,279,218,286,307
shuffle 112,130,67,281,40,303,323,165,276,221,104,124,33,202,13,167
shuffle 232,45,12,210,49,182,257,123,318,3,237,70,47,258,255,244
shuffle 226,81,74,159,264,44,138,219,288,20,251,119,77,109,310,216
shuffle 116,133,272,121,308,78,21,267,179,63,151,141,177,293,163,125
shuffle 256,250,86,246,260,58,17,56,186,71,48,108,160,195,57,263
shuffle 139,270,269,189,235,166,212,28,265,200,223,89,38,162,107,313
shuffle 41,11,321,156,98,231,217,262,208,315,294,222,312,35,100,211
shuffle 50,93,278,247,75,114,194,99,102,292,192,161,19,140,190,188
shuffle 172,168,39
resume-state 2
resume-time 7716
